[7, 2, 11, 1, 'D']
[5, 2, 8, 1, 'B']
[5, 3, 1, 1, 'C']
[5, 4, 6, 1, 'B']
[5, 5, 2, 1, 'A']
[6, 1, 5, 5, 'B']
[9, 2, 10, 1, 'D']
[8, 1, 5, 4, 'B']
[3, 2, 8, 1, 'B']
[8, 1, 5, 3, 'B']
[9, 3, 4, 1, 'A']
[7, 3, 6, 1, 'B']
[6, 1, 5, 2, 'B']
[9, 4, 6, 1, 'C']
[9, 5, 8, 1, 'C']
[10, 1, 9, 5, 'D']
[11, 1, 9, 4, 'D']

   0000000000111
   0123456789012
0  #############
1  #CA.A.C.C...#
2  ###.#B#.#.###
3    #D#B#.#.#
4    #D#B#A#D#
5    #C#B#A#D#
6    #########

[9, 4, 4, 1, 'C']
[9, 5, 6, 1, 'C']
[10, 1, 9, 5, 'D']
[7, 2, 11, 1, 'D']
[11, 1, 9, 4, 'D']
[7, 3, 11, 1, 'B']
[7, 4, 10, 1, 'A']
[7, 5, 8, 1, 'A']
[6, 1, 7, 5, 'C']
[3, 2, 2, 1, 'B']
[4, 1, 7, 4, 'C']
[5, 2, 4, 1, 'B']
[5, 3, 6, 1, 'C']
[6, 1, 7, 3, 'C']
[5, 4, 6, 1, 'B']

   0000000000111
   0123456789012
0  #############
1  #AB.B.B.A.AB#
2  ###.#.#.#.###
3    #D#.#C#.#
4    #D#.#C#D#
5    #C#A#C#D#
6    #########

01/15/2022, 14:21:25 51229152 30322
movesList
[5, 2, 8, 1, 'B']
[5, 3, 1, 1, 'C'] << 1,2
[5, 4, 6, 1, 'B']
[5, 5, 2, 1, 'A']
[6, 1, 5, 5, 'B']
[3, 2, 4, 1, 'B']
[4, 1, 5, 4, 'B']
[8, 1, 5, 3, 'B']
[3, 3, 11, 1, 'D']
[3, 4, 10, 1, 'D']
[3, 5, 8, 1, 'C']
[2, 1, 3, 5, 'A']
[7, 2, 2, 1, 'D'] << 1,1
[7, 3, 6, 1, 'B']
[6, 1, 5, 2, 'B']
[7, 4, 4, 1, 'A']
[4, 1, 3, 4, 'A']
[7, 5, 6, 1, 'A']
[6, 1, 3, 3, 'A']
[8, 1, 7, 5, 'C']
[9, 2, 8, 1, 'D'] << NO

   0000000000111
   0123456789012
0  #############
1  #CD.....D.DD#
2  ###.#B#.#.###
3    #A#B#.#A#
4    #A#B#.#C#
5    #A#B#C#C#
6    #########
-------------------------------------------------------------------------------------------
01/16/2022, 01:27:52 154211653 34385
movesList
[5, 2, 11, 1, 'B']
[5, 3, 1, 1, 'C']
[5, 4, 6, 1, 'B']
[5, 5, 2, 1, 'A']
[6, 1, 5, 5, 'B']
[3, 2, 4, 1, 'B']
[4, 1, 5, 4, 'B']
[11, 1, 5, 3, 'B']
[3, 3, 11, 1, 'D']
[3, 4, 10, 1, 'D']
[3, 5, 8, 1, 'C']
[2, 1, 3, 5, 'A']
[7, 2, 2, 1, 'D']
[7, 3, 6, 1, 'B']
[6, 1, 5, 2, 'B']
[7, 4, 6, 1, 'A']
[6, 1, 3, 4, 'A']
[7, 5, 4, 1, 'A']
[4, 1, 3, 3, 'A']
[8, 1, 7, 5, 'C']
[9, 2, 4, 1, 'D']
[9, 3, 8, 1, 'A']

   0000000000111
   0123456789012
0  #############
1  #CD.D...A.DD#
2  ###.#B#.#.###
3    #A#B#.#.#
4    #A#B#.#C#
5    #A#B#C#C#
6    #########



-------------------------------------------------------------------------------------------

01/19/2022, 14:15:38 Run 596074684 score 45947 moves 28
movesList
[5, 2, 8, 1, 'B']
[5, 3, 1, 1, 'C']
[5, 4, 6, 1, 'B']
[5, 5, 2, 1, 'A']
[6, 1, 5, 5, 'B']
[3, 2, 4, 1, 'B']
[4, 1, 5, 4, 'B']
[8, 1, 5, 3, 'B']
[3, 3, 11, 1, 'D']
[3, 4, 10, 1, 'D']
[3, 5, 8, 1, 'C']
[2, 1, 3, 5, 'A']
[7, 2, 2, 1, 'D']
[7, 3, 4, 1, 'B']
[4, 1, 5, 2, 'B']
[7, 4, 4, 1, 'A']
[4, 1, 3, 4, 'A']
[7, 5, 4, 1, 'A']
[4, 1, 3, 3, 'A']
[8, 1, 7, 5, 'C']
[9, 2, 4, 1, 'D']
[9, 3, 6, 1, 'A']
[9, 4, 8, 1, 'C']
[8, 1, 7, 4, 'C']
[9, 5, 8, 1, 'C']
[8, 1, 7, 3, 'C']
[10, 1, 9, 5, 'D']
[11, 1, 9, 4, 'D']

   0000000000111
   0123456789012
0  #############
1  #CD.D.A.....#
2  ###.#B#.#.###
3    #A#B#C#.#
4    #A#B#C#D#
5    #A#B#C#D#
6    #########